POINTS DATA
     A   B   C Label
ID                  
1    2   9  13    C1
2   11   4   8    C2
3    5   7  18    C1
4    1   7  11    C1
5    4   7  16    C1
6    9   1   8    C2
7    9   2   7    C2
8   10   4   4    C2
9    6   9  12    C1
10   9   6   6    C2
11  14   3   4    C2
12  16   6   5    C2
13   8  13  20    C1
14  11   1   3    C2
15  10   6   1    C2
16  15   3   8    C2
17   5   8  17    C1
18   8   3   7    C2
19  16   6   6    C2
20   1   8  11    C1
21   4  15  18    C1
22   4  10   8    C1
23   4  12  13    C1
24   1  12  15    C1
25  13   1   2    C2
26   6   8  11    C1
27   6   8  16    C1
28  14   5   2    C2
29  14   1   6    C2
30   6   9   9    C1
31   9   9  18    C1
32  14   3   8    C2
33  12   3   0    C2
34  14   3   5    C2
35   9  12  18    C1
36  12   1   1    C2
37   9  12  12    C1
38   9  15  18    C1
39  10   4   7    C2
40   8   3   7    C2
41   8   1   2    C2
42  10  11  20    C1
43  10   4   1    C2
44  13   1   2    C2
45   2  13  11    C1
46   6  11   8    C1
47   6   9  16    C1
48  16   1   5    C2
49   2  15   8    C1
50   8  10  18    C1
Centroids stabilized in iteration 1.
Final C1 centroid = [5.32, 10.36, 14.2]
Final C2 centroid = [11.84, 3.04, 4.6]
